1000
1.81047 0.84983
-1.01542 1.72306
-4.23252 5.57546
-0.821595 -0.570072
0.267845 3.99102
6.65976 2.15584
-1.04311 -1.70644
-2.91242 2.74186
0.564656 0.825326
-1.59977 3.66616
0.986879 -0.161459
-1.96701 -0.361788
-0.23841 0.971165
1.64221 1.14156
-3.98913 0.294756
-3.72114 1.46736
-0.972102 -0.234559
5.75312 -3.98769
-5.96149 -3.66888
-6.42783 -2.77183
-6.38986 -2.85827
-0.808602 0.588357
3.72515 -1.45715
3.11257 -6.26992
1.26661 1.5478
5.64836 4.13473
3.13938 2.47877
0.98563 0.168916
-0.547425 6.97856
-2.01701 -6.70311
-2.57579 3.06028
5.2197 4.6642
-1.20893 -1.59326
-0.223772 -0.974642
6.97596 -0.579598
0.741664 0.670772
3.81477 -5.8692
1.29144 -6.87984
2.19739 3.34238
1.33584 -1.48846
1.59276 1.20959
-3.7988 -1.25263
1.86846 0.713338
4.85762 -5.0402
-0.324859 0.945763
2.41882 -3.18579
-1.8048 -0.861802
-0.0655738 -6.99969
3.25387 2.32644
-1.12677 3.83802
2.90559 -2.7491
-2.60512 -3.03535
-3.20989 -2.38675
0.318883 -0.947794
-2.05883 6.69038
2.44203 6.56022
0.999993 -0.0036354
0.414395 0.910097
0.695822 -3.93901
-0.728381 -0.685172
-0.312109 -0.950046
-3.84938 1.08732
-3.35533 -6.14343
-4.79542 -5.09941
1.51328 -1.30766
0.659429 0.751767
-1.65019 1.12999
-2.58967 -3.04854
-0.901629 0.432511
-0.656319 -0.754484
3.64099 1.65626
-0.350689 -1.96901
-1.58895 -1.21459
-2.85652 -6.39064
1.9774 0.299784
3.74008 -1.41839
0.217635 1.98812
1.92158 3.50821
-1.66928 -3.63504
0.115928 -0.993258
-0.792033 -3.9208
-0.765418 0.643533
3.02935 -2.6121
-1.9929 -0.168332
-1.81138 0.847876
1.86207 0.72986
-0.314086 0.949395
-1.48956 1.33462
-0.736034 0.676945
0.882754 -0.469835
-6.99759 0.183689
-6.60042 -2.3312
4.52461 -5.34116
-0.0112661 0.999937
-1.58251 1.22297
6.82847 1.54011
-0.580166 1.914
-0.130904 -6.99878
1.87514 -3.53325
0.333646 -0.942699
-5.42598 4.42253
1.26126 -1.55217
0.975953 -3.87911
0.507115 -0.861878
-0.551019 -0.834493
-0.678557 -0.734548
-2.79118 -6.41945
-1.40774 1.42066
-2.71548 -2.93704
-0.328842 -6.99227
1.56892 -6.82191
0.516533 0.856267
-0.519081 -0.854725
-1.62557 1.16513
1.24055 -1.56877
-0.658572 1.88846
0.916542 -1.77762
6.41923 -2.79168
3.59083 -1.76237
2.02507 3.44951
1.24024 1.56901
-4.65716 5.22598
-0.58078 -0.814061
0.563899 1.91886
5.25125 4.62865
-3.98791 -0.310825
0.615217 -0.788358
0.676466 -0.736474
-1.87416 3.53377
1.68729 1.07381
-5.68103 4.08972
-6.02311 3.56682
-1.94552 -3.49499
1.76019 -6.77508
6.95427 0.798845
-3.07415 2.55922
-0.160265 -1.99357
-1.99872 -0.0714324
3.62265 -1.696
0.457057 -6.98506
-3.78001 -1.30826
2.13249 6.66727
1.7467 -0.974195
-0.998249 0.0591475
-3.84415 -1.10566
1.73863 0.988512
-0.769673 1.84597
3.4422 2.03746
5.07788 -4.8182
1.68116 -1.08338
-0.0765546 3.99927
-0.785172 -0.619277
-0.140954 -0.990016
-0.650503 0.759504
3.51463 1.90982
-2.61438 3.02738
-0.367283 0.930109
1.30189 -3.78221
3.92864 -0.752215
-0.0120627 0.999927
-0.242978 1.98519
0.283432 0.958992
0.363469 1.9667
3.70869 -1.49853
-3.58433 -1.77555
-6.58133 -2.38455
3.76111 1.36163
-5.42762 4.42051
1.76726 0.936368
6.99945 -0.0877015
0.107272 0.99423
6.98179 -0.504587
-1.98621 0.234451
5.54572 4.27141
-6.80578 1.63748
0.479175 -3.9712
2.85824 -2.7983
0.779239 0.626727
-5.48391 4.35049
4.74161 5.14948
6.63282 -2.23735
3.21715 2.37696
-1.60414 3.66425
-0.929847 -1.7707
0.730895 -0.68249
0.0481355 0.998841
-0.965433 0.260651
-1.26079 1.55255
0.701627 -1.87289
-6.18014 3.28722
-6.95512 -0.791437
-1.65185 1.12755
2.7471 -6.43843
2.81166 2.8451
0.846248 0.532788
1.55835 -1.25361
-0.77798 -0.628289
0.880183 0.474634
-1.56341 1.2473
0.447667 -1.94925
1.1622 -1.62767
0.0434846 -1.99953
0.34031 -0.940313
-1.55747 1.25471
4.65645 -5.22661
0.633315 0.773894
6.57929 -2.39018
-1.98738 -0.224336
1.24125 1.56821
0.711233 0.702956
-0.706462 0.707751
-1.90268 -6.73645
-1.32899 -1.49458
-0.244155 -0.969736
3.10945 -2.51621
0.79699 6.95448
1.99074 -0.192187
0.1757 -6.99779
1.99763 0.0973785
0.916944 1.77742
-5.79201 3.93098
-0.994294 0.106674
1.72925 -6.78304
-0.999914 0.0131305
0.316334 1.97482
-0.96212 0.272625
0.465454 0.885072
6.44199 -2.73874
-2.26335 3.29807
-5.35831 -4.50428
0.193727 6.99732
1.93104 -0.520667
-1.95159 -0.437385
-1.19729 -1.60203
0.965107 -1.75173
-0.19094 -0.981602
1.53217 -3.69492
0.491356 0.870959
-1.46038 1.36649
-2.10766 3.39967
-1.72422 -1.01345
5.43709 -4.40886
-2.60841 -3.03253
-0.41682 3.97822
5.8485 3.84643
1.35207 6.86818
-3.46385 -2.00043
0.421411 -1.9551
3.15306 2.46134
3.78261 1.30072
-4.93158 4.96785
0.228278 -1.98693
3.94759 0.645383
1.73918 0.987547
0.000605159 -2
-0.0540312 0.998539
3.66472 5.96404
1.15338 -1.63393
3.13729 -2.48141
4.1352 -5.64802
0.63271 -1.89728
-2.26439 -3.29735
0.439843 -1.95104
-2.84534 -2.81141
0.750076 -1.85402
1.70443 1.04639
2.2901 6.61479
5.63576 4.15189
-0.898511 0.438951
-1.53209 1.28558
-3.81666 -1.19712
0.191741 3.9954
-6.39737 -2.84142
2.51705 6.5318
1.63687 -1.1492
0.997093 -6.92862
-5.599 4.20133
-3.11172 -2.5134
-1.13299 -1.64813
6.96697 0.679202
0.06752 -0.997718
-2.36823 -3.22358
6.11437 3.408
-0.206019 -0.978548
1.87295 6.74478
1.92999 3.50359
-5.17008 4.71914
0.498516 -0.866881
1.35388 -1.47208
1.43246 1.39573
1.60585 -1.19216
4.11763 5.66084
-1.32121 1.50146
0.304323 -6.99338
6.05038 3.52036
0.283619 3.98993
-2.38291 -3.21275
-3.99069 0.272778
3.29753 2.26413
3.20743 -2.39006
4.88041 -5.01813
-4.93792 -4.96155
0.500666 0.865641
3.4852 1.963
3.82282 -1.17731
-1.73982 -0.986421
1.46125 -1.36556
1.34949 -1.47611
3.27191 6.18827
-0.403798 6.98834
-0.729775 -0.683687
1.21215 -1.59082
0.780098 0.625658
0.965728 -0.259557
0.997342 0.072869
-3.49876 1.93874
-2.40552 -3.19585
0.277855 -3.99034
-3.99689 0.157727
-2.26566 3.29648
-0.41011 0.912036
-4.13565 5.64769
6.72794 1.93257
0.270458 -0.962732
0.999887 0.0150406
-0.946505 -3.8864
1.43013 -6.85235
0.606229 -0.79529
2.07511 6.68535
3.28935 2.276
3.98835 0.3051
1.38312 1.44464
5.51538 4.31052
-1.32397 -1.49903
-0.963441 0.267922
0.992561 0.121746
1.01187 -3.8699
-0.6697 -3.94354
0.65964 0.751581
1.81463 3.5647
1.17765 6.90023
1.99885 0.0676944
-4.96911 -4.93031
-0.81276 0.582599
-1.35655 -1.46961
0.286008 -1.97944
2.86544 2.79093
-3.98999 0.282841
3.97353 -5.7629
0.524623 -0.851335
0.3262 0.945301
0.676786 -0.736179
5.22165 4.66201
1.44029 1.38765
-1.49127 -3.71162
6.75851 1.82279
-0.956292 1.75656
6.03671 -3.54374
0.22118 -0.975233
-3.74666 -5.91291
-0.616907 -0.787036
-5.48004 -4.35536
1.19776 -1.60168
-0.787041 -3.92181
0.740981 0.671526
0.828963 0.559304
-2.08629 3.41283
-0.875715 -6.94501
1.98847 -3.47073
-1.96984 0.345992
-0.612131 -0.790756
3.59585 -1.75211
-0.0328591 1.99973
3.99997 0.0146946
-1.03071 -1.71395
-1.10232 -1.6688
-1.65969 -1.11599
-0.419059 -0.907959
0.103249 1.99733
-2.94231 6.3516
-0.37869 -3.98203
-0.740489 -1.85787
-0.98993 -0.141558
-3.75185 -5.90962
0.776447 -0.630183
-0.538183 -0.842828
-1.71398 -1.03066
-3.93265 -0.730935
-1.987 0.227695
-2.40719 3.19459
0.282686 0.959212
-5.53608 4.2839
-3.97668 -0.431319
-0.801552 -6.95396
2.68957 2.96078
-5.23616 4.64571
3.87328 0.998839
3.38485 6.12721
3.86963 1.01288
0.859819 -1.80574
-0.859178 1.80605
4.77295 -5.12044
-1.19189 1.60605
1.57533 1.23221
0.984566 -0.175015
3.86932 1.01407
-3.00554 -2.63945
-0.5875 -6.9753
-3.71947 5.93005
0.567944 0.823067
-1.22936 -1.57755
1.97373 -0.323114
-1.21652 -1.58747
-6.86344 1.37591
0.999949 0.0100787
1.95714 3.4885
0.727271 -1.86308
3.84038 -1.1187
0.560951 -0.827849
0.784806 -0.619741
-6.62343 2.26498
-2.66895 -2.97938
-3.11016 2.51533
-6.90988 1.1196
3.63508 -1.66919
3.7729 1.32861
6.88912 1.24098
0.43989 -0.898052
-2.87102 2.78518
-2.91165 -2.74268
4.66296 5.2208
0.797127 -0.603811
-5.9019 3.76398
0.987748 3.87613
-0.742545 0.669796
1.46504 1.36149
1.75809 -0.953474
-0.014912 -3.99997
-0.370968 0.928646
-0.943404 -0.331647
1.09446 -3.84736
2.97333 -2.67568
-5.22069 4.66308
0.734958 -0.678112
5.39247 -4.46332
-6.1699 -3.30641
-2.52135 -3.10528
5.50231 4.32719
-5.67601 -4.09669
0.952518 0.304482
-1.99221 -0.17631
-0.837512 0.54642
-0.862827 0.505499
0.831248 -0.555902
1.72658 -3.60817
-4.49915 5.36261
-1.90311 -0.614969
5.43845 4.40719
6.86115 -1.3873
-3.71207 1.49013
-2.12702 3.38759
-1.73004 -1.00347
-6.48244 2.64157
-1.82645 -0.814918
2.84541 6.3956
-0.998642 -0.0520989
-3.94988 -0.63121
-0.900188 0.435501
2.39118 3.2066
5.01759 -4.88096
4.9766 -4.92275
-4.5004 5.36157
1.72507 3.60889
-0.941548 1.76451
-0.277781 -0.960645
2.12329 -3.38993
-0.620305 0.784361
1.74058 0.985085
-5.60678 4.19094
0.450463 0.892795
2.18817 3.34842
-0.874303 0.485381
-1.33901 3.76923
-3.69537 -1.53109
-0.54416 -1.92455
-6.99477 -0.270568
5.16209 -4.72788
4.78651 5.10777
-1.03493 -1.71141
0.446741 1.94947
5.51442 4.31175
0.904164 0.427185
0.897447 -0.441122
1.47333 -1.35251
4.14008 5.64445
-0.914236 -1.77881
-0.189304 -1.99102
3.98415 0.355714
-3.99317 0.233681
-6.14415 3.35402
1.17309 1.61983
2.62825 3.01534
1.89408 0.642237
-1.5388 -1.27753
6.24519 -3.16189
-3.98615 -0.332556
-0.355912 0.934519
-3.08919 -2.54104
4.1173 5.66108
-3.76327 -1.35565
-1.01434 3.86925
-1.17946 1.6152
-2.80855 -2.84817
-5.82906 -3.87583
-1.90631 0.60495
1.26657 1.54784
0.212259 0.977213
0.871234 -3.90397
1.6817 -1.08254
-0.181067 -0.983471
-0.761579 -0.648072
5.44615 4.39767
-2.75638 -2.89868
3.70693 1.5029
-0.738204 -0.674577
-0.765996 -0.642845
2.16925 3.36071
6.28061 -3.09095
-0.296408 -3.989
-0.82557 6.95115
1.13033 -1.64996
1.4306 3.73542
-0.876224 0.481904
0.476291 0.879288
-0.961844 -0.273597
0.925725 -3.89141
0.0415874 3.99978
-2.34081 3.24355
-0.7035 -0.710695
-0.519659 -3.9661
-3.00632 6.32155
-6.6109 2.3013
5.40663 4.44616
-6.9654 -0.695114
-1.09517 -1.6735
2.81168 6.4105
0.420005 1.9554
-1.75878 -0.952201
0.191318 -0.981528
-0.25851 3.99164
-0.665561 1.88601
-1.17801 3.8226
-0.664188 0.747565
-3.09802 -2.53027
3.96542 0.524804
-1.43942 1.38855
-0.774221 0.632915
-3.64765 -5.9745
-1.85528 3.54372
-6.69081 -2.05745
3.4992 1.93794
-0.923556 -0.383462
-0.843352 0.537362
-6.68396 2.0796
-2.96779 -2.68183
3.99959 0.0572141
0.834349 -0.551237
-4.48553 -5.37402
-1.98878 0.211528
-0.888717 -0.458456
-2.97024 -2.67912
-0.731892 -0.68142
1.96891 -0.351288
-0.02727 0.999628
-6.48195 2.64279
-1.84721 -0.766686
-3.92396 0.776228
4.951 4.9485
-1.99802 -0.0890223
2.18625 -3.34968
-0.93772 -0.347393
1.99214 -0.17709
2.82199 -2.83485
0.975108 -0.221732
0.774847 1.8438
-1.99548 -0.134383
-3.59381 6.00704
0.450512 0.89277
0.888506 0.458865
0.792428 0.609965
6.19119 3.26638
3.50864 -1.9208
3.44055 2.04026
-4.3162 5.51094
1.99973 -0.03272
-1.95491 0.422295
6.14352 -3.35516
1.23318 1.57457
-0.463754 1.94549
-0.829262 -0.558859
-3.89285 -0.919643
-0.875153 -1.79836
2.32377 -3.25578
0.78796 -3.92162
-2.93631 -6.35437
-0.72607 0.687621
-5.35039 4.51368
4.87316 -5.02517
-0.556808 -6.97782
5.59403 4.20795
-2.69839 6.459
0.581435 -3.95752
0.800655 -0.599126
-3.6921 -1.53895
0.393627 0.91927
6.48595 2.63297
0.168472 0.985706
0.105047 -3.99862
0.0428132 -0.999083
-0.68912 -0.724647
1.66553 6.79897
0.705238 0.708971
6.88941 1.23934
0.687585 0.726104
-0.674428 0.73834
-4.65362 -5.22913
6.99731 -0.193919
-0.252063 0.967711
-1.98885 -0.210925
1.20717 1.5946
0.65525 0.755412
-6.94455 0.879369
0.71097 -0.703223
-4.81631 -5.07968
1.00408 3.87193
-1.98998 0.199918
-1.87643 -0.692116
-4.83943 5.05766
1.95612 -0.416636
1.11022 -3.84284
-4.386 -5.45555
-6.99899 0.118881
1.82733 -0.812934
2.92466 -2.7288
-1.88361 0.672314
6.98707 0.425317
-0.750553 0.66081
-0.0846841 0.996408
6.8656 -1.36513
-0.215402 0.976525
1.89805 -6.73776
-1.94973 0.445612
5.88834 -3.78517
-1.46657 1.35984
-0.545659 0.838007
-4.55862 5.31216
-0.996408 1.73412
0.735684 -0.677325
-0.0671664 0.997742
6.85708 1.40728
3.99998 -0.0118483
-0.834298 0.551313
3.72289 1.4629
1.73201 -1.00007
0.584209 0.811603
2.48998 -3.13049
-6.49906 -2.60043
6.95966 -0.750392
-0.884181 1.79394
-2.72508 -2.92813
1.97626 -0.307222
-0.313572 1.97527
-1.95078 0.44099
0.31572 0.948853
4.07488 -5.69169
3.86872 -1.01636
-0.452717 1.94809
-1.74594 -3.59885
-2.84444 -2.81232
0.547305 -1.92366
-1.13106 1.64945
-2.8054 2.85127
0.890575 -0.454837
-0.395949 3.98035
0.949548 -3.88566
-0.996085 -0.0883962
4.60817 -5.26923
-0.916261 -0.400581
6.93913 -0.921123
0.993615 -0.112822
-3.9045 -5.8099
2.37834 -3.21613
-2.56515 -3.0692
-0.767206 1.847
-0.937033 -0.349242
0.0424988 0.999097
-4.78586 5.10838
-0.754396 -0.65642
-0.7968 -0.604243
1.1755 1.61809
1.4846 -1.34014
0.173185 -0.984889
1.69148 -1.06719
-3.86126 -1.04434
-1.98824 0.216583
1.38244 1.44529
-1.14535 6.90566
0.984961 0.172778
6.96732 -0.675593
-3.56631 6.02341
-3.97204 -0.472128
-0.992412 -0.122957
-1.73096 -1.00188
6.86806 -1.35269
-3.92248 0.783682
0.526501 -0.850175
-1.97833 -0.293635
-0.957549 0.288272
-2.17997 -3.35376
-0.796558 0.604562
-0.86144 -0.50786
0.475491 -3.97164
-2.39974 -3.2002
0.134202 1.99549
-0.566821 -3.95964
-1.31438 1.50745
-4.47276 5.38464
0.782036 -0.623233
-0.794957 -0.606665
-6.12234 -3.39366
6.28383 -3.0844
1.96944 -0.348287
-3.04951 2.58854
0.735562 0.677457
-6.98571 -0.447038
-0.318465 -0.947935
-0.806131 -0.591737
3.96103 0.557008
0.874822 1.79852
0.577873 -0.816127
0.999852 0.0172232
-0.442827 0.896607
-1.62587 6.80857
1.86803 -0.714466
1.61047 -1.18591
-0.61527 -0.788316
-1.4637 -1.36293
0.634821 -0.772659
-2.92476 2.7287
1.36744 -3.759
0.067817 -1.99885
0.974448 1.74655
3.85941 1.05116
6.92079 -1.05005
3.35855 -2.17259
0.414024 -0.910266
0.274166 -1.98112
-1.51117 -3.70356
-0.989284 0.146003
0.682299 -0.731073
1.68478 1.07774
1.70592 -1.04395
-3.99536 -0.192599
4.67036 5.21419
-3.02127 2.62143
-0.684357 0.729147
1.91561 0.574822
-0.677969 -6.96709
0.900546 -1.78578
6.02932 3.5563
-3.52175 1.89665
-3.1454 -6.25352
0.648321 1.892
-0.445018 0.895522
4.86717 -5.03097
3.90221 -0.879059
0.643402 1.89368
0.781712 0.623639
0.317444 0.948277
3.05118 -2.58656
1.60796 1.18931
0.394985 -0.918688
-6.67513 -2.10777
2.15796 3.36796
0.54345 -3.96291
6.36952 2.9033
4.01623 5.73323
0.0389472 1.99962
-1.34332 -1.48171
0.525937 -6.98021
-3.38536 2.13058
3.84284 1.1102
-2.95212 -6.34705
3.87976 0.973361
6.6314 2.24154
1.99998 0.00956217
0.726441 -3.93348
1.56181 1.2493
3.55261 1.83819
-6.50425 2.58741
-1.75589 0.957527
1.56432 -1.24616
-0.973704 0.227815
-0.68038 0.732859
-0.860351 -3.90638
2.25443 -3.30417
-2.60007 -3.03968
-1.76605 -0.938661
0.343474 -0.939162
0.248245 0.968697
3.64975 5.97322
-0.225785 -0.974177
0.504315 -1.93537
1.90703 -0.602676
-1.72141 -3.61064
4.20938 -5.59295
-3.80396 5.87621
3.96837 0.502019
6.99888 -0.125333
-1.43986 -1.3881
0.0501701 -0.998741
-0.988164 0.153398
-2.43374 3.17442
-0.485896 -0.874017
1.11409 -6.91077
1.84396 0.774482
-2.62677 -3.01663
0.100181 -1.99749
0.092238 0.995737
0.71033 -1.86961
0.0572215 -1.99918
3.94843 5.78013
-0.626856 -0.779135
-6.2797 -3.09279
1.28686 -1.53101
-3.31599 -2.23701
0.885933 -0.463814
0.910818 0.412807
-1.9952 3.46687
1.41053 -1.41789
0.540757 -0.841179
-3.23256 -2.35596
3.99751 0.141048
4.36531 5.47212
2.33985 -3.24424
-5.39733 4.45745
0.32103 -0.947069
-3.13576 -2.48335
-0.782857 3.92264
-0.386083 3.98132
0.141625 0.98992
0.0312764 -0.999511
1.28137 3.78921
-0.976854 0.213909
1.17571 1.61794
-0.732602 0.680657
-1.71703 1.02557
-0.204581 -1.98951
2.95641 -6.34505
6.7265 1.93757
-1.69598 1.06002
-1.5495 1.26453
0.862552 1.80444
-0.945813 0.324713
-2.71783 2.93486
-6.13191 -3.37635
-6.82528 1.55422
3.91856 -0.803027
-5.10566 -4.78876
2.87423 2.78187
0.490666 0.871348
-0.0647945 6.9997
0.96081 -0.277209
6.96733 -0.675491
-1.76537 0.939924
-0.539316 0.842104
0.792533 0.609829
-2.01309 -3.45651
1.91975 3.50921
-3.1135 -2.5112
1.80298 0.865603
0.986528 -3.87644
-0.652519 0.757772
1.38736 1.44056
-1.61321 1.18218
1.31366 -3.77813
2.36301 6.5891
-0.937339 -0.348418
0.901464 0.432854
0.977011 0.213189
1.59919 3.66642
-2.61597 -3.026
-1.71117 -1.03533
0.811493 -3.91682
-1.8824 0.6757
1.15481 -1.63291
-0.939643 -0.342156
6.84148 1.48126
2.32004 3.25844
-6.99238 -0.326479
3.42111 6.10704
0.967775 -1.75026
-0.435832 -0.900028
1.95633 -0.41564
0.232395 6.99614
-3.92336 5.79717
4.72775 -5.1622
2 -0.00176683
0.911697 0.410863
-1.16363 -1.62664
4.98261 -4.91667
-0.857351 -0.514732
1.69701 1.05838
3.2772 2.29346
-0.900475 6.94184
-0.838054 3.91122
-0.693757 0.720209
0.45772 -1.94692
-4.15947 -5.63017
-0.711452 -0.702735
-0.456372 0.889789
1.73193 -1.00021
1.30895 -1.51216
-1.98656 -0.231497
1.2354 3.80444
5.06437 4.8324
-0.321223 -0.947004
-1.55871 6.82425
0.093366 -1.99782
-3.21369 -6.2187
0.607977 0.793954
1.95234 -0.434014
1.71829 -1.02347
0.11376 -3.99838
3.0977 -2.53066
4.49092 -5.36951
-0.157471 -3.9969
-1.9198 -0.560702
-3.76546 1.34955
-0.665907 0.746035
-5.09575 4.7993
-0.93139 0.364022
-0.247317 0.968935
2.5017 3.12114
-0.553901 0.832582
-0.571082 0.820893
1.2581 1.55473
-0.526161 0.850385
1.50597 1.31607
-3.96411 0.534667
0.498327 0.866989
0.448047 -0.89401
-0.417189 3.97818
6.72529 1.94176
5.94514 -3.69531
-0.106579 -1.99716
-2.27824 -3.2878
0.328959 -0.944344
5.28407 -4.59114
3.76521 -1.35026
-0.931853 0.362837
-2.40064 -3.19952
0.797264 6.95445
0.0981811 -1.99759
0.874588 -0.484866
6.61215 2.29772
2.33596 -3.24704
0.628097 3.95038
1.77483 -0.921945
-0.999804 -0.0198047
-0.538339 -0.842729
0.83917 -1.81543
-6.81612 -1.59389
3.70758 1.50129
-2.36621 -6.58795
0.108387 3.99853
-3.2971 2.26476
-0.604403 6.97386
0.589147 0.808026
5.62837 4.1619
-2.34627 3.2396
0.00859878 -3.99999
1.9995 0.0446164
0.113682 -1.99677
6.02067 -3.57093
-1.3091 3.77972
-3.75859 1.36856
1.10663 -1.66594
2.10763 6.67517
-2.79285 2.86356
-0.837172 0.54694
-3.51313 1.91257
3.72623 1.45438
1.95999 3.4869
0.688125 -0.725592
6.24974 3.1529
1.41382 1.41461
-3.11214 -2.51289
6.11513 -3.40663
0.81867 0.574264
